1182
356
873
1468
773
1771
562
1481
751
1174
1023
806
516
1008
768
1381
611
870
656
901
804
705
302
349
693
699
624
235
335
658
663
1479
2039
1141
869
794
653
537
681
634
626
886
253
895
863
485
847
422
565
525
501
696
384
426
1034
648
823
636
1170
762
669
543
531
1194
979
567
524
973
797
1144
670
920
976
661
687
661
619
1040
1107
1474
632
843
1009
710
945
926
593
804
1010
964
1282
1345
676
445
543
976
931
658
1041
617
924
1130
1251
1015
429
323
604
612
636
340
482
601
511
494
815
407
481
569
574
470
652
668
902
605
1149
908
1247
1317
987
352
1143
1633
830
908
1271
885
659
1939
1305
372
567
630
469
344
211
188
727
552
671
591
410
356
669
522
472
696
497
456
450
553
190
349
615
791
772
317
814
1501
445
374
147
434
596
829
571
712
2184
1727
1558
1187
1651
1624
2456
1502
2008
2541
733
570
775
916
550
829
559
498
426
719
316
616
500
387
340
779
1017
879
792
654
730
834
762
689
770
842
883
441
383
314
685
733
509
524
989
595
661
470
459
252
708
364
337
588
271
228
206
583
1765
450
592
489
441
577
1296
920
1083
862
702
1263
634
1261
365
345
238
457
210
192
254
272
625
721
509
402
523
1064
579
1185
628
721
657
1452
857
799
1472
1096
610
610
1423
1295
1320
740
1040
1630
747
388
736
703
177
420
483
1077
640
555
526
632
789
621
750
981
849
723
921
1215
1153
792
1172
928
932
700
802
752
1114
356
656
950
1743
680
916
750
901
0
0
41
206
123
262
111
381
5
0
1049
71
1254
706
2488
2490
2477
1984
1819
1595
1924
2189
2201
2786
1
1531
1598
798
659
1093
1437
1002
1003
446
1203
849
1200
1033
543
390
1239
757
472
1279
677
311
718
677
1275
1363
935
529
1546
1657
1312
278
1153
1765
2007
1782
1756
2126
1035
903
852
832
972
996
1296
1127
1065
1102
1323
1392
675
910
912
385
815
888
1298
1364
838
1637
1603
1552
3522
3453
3461
3758
3664
2929
1259
1688
1818
2206
3509
2939
2845
2824
2464
3154
2753
1313
1321
1404
1893
1095
1019
1562
698
1447
1425
1335
1578
734
1386
1486
1590
1349
1137
1315
1716
1167
1377
1215
1058
875
1222
827
1225
1000
916
1175
925
1280
1107
1402
1265
1715
906
986
996
1348
1550
1410
1024
1279
990
1440
922
1365
781
920
1614
1508
1668
833
1844
1615
997
